88
1140.641968 793.870422 148.272903
1129.531006 822.485596 148.272903
1140.641968 793.870422 0.000010
1129.531006 822.485596 0.000010
1150.043945 823.766907 148.272903
1150.043945 823.766907 0.000010
1160.728027 823.766907 148.272903
1160.728027 823.766907 0.000010
1143.206055 777.213806 148.272903
1143.206055 777.213806 0.000010
1134.659058 777.213806 148.272903
1134.659058 777.213806 0.000010
1119.701050 822.485596 148.272903
1119.701050 822.485596 0.000010
1070.319946 778.926514 148.272903
1070.319946 797.709412 148.272903
1070.319946 778.926514 0.000010
1070.319946 797.709412 0.000010
1061.484009 778.926514 148.272903
1061.484009 778.926514 0.000010
1061.484009 824.255920 148.272903
1061.484009 824.255920 0.000010
1083.593018 824.255920 148.272903
1083.593018 824.255920 0.000010
1083.593018 797.709412 0.000010
1083.593018 797.709412 148.272903
1087.029053 798.161621 0.000010
1087.029053 798.161621 148.272903
1090.229980 799.487610 0.000010
1090.229980 799.487610 148.272903
1092.979004 801.596985 0.000010
1092.979004 801.596985 148.272903
1095.088013 804.346008 0.000010
1095.088013 804.346008 148.272903
1096.413940 807.547302 0.000010
1096.413940 807.547302 148.272903
1096.866943 810.982605 0.000010
1096.866943 810.982605 148.272903
1096.413940 814.418030 0.000010
1096.413940 814.418030 148.272903
1095.088013 817.619202 0.000010
1095.088013 817.619202 148.272903
1092.979004 820.368286 0.000010
1092.979004 820.368286 148.272903
1090.229980 822.477600 0.000010
1090.229980 822.477600 148.272903
1087.029053 823.803589 0.000010
1087.029053 823.803589 148.272903
1076.957031 797.709412 148.272903
1076.957031 797.709412 0.000010
1094.411011 778.926514 148.272903
1094.411011 778.926514 0.000010
1088.875000 778.926514 148.272903
1088.875000 778.926514 0.000010
1000.200989 779.696594 148.272903
1012.200989 779.696594 148.272903
1000.200989 779.696594 0.000010
1012.200989 779.696594 0.000010
980.846802 810.817871 148.272903
980.846802 810.817871 0.000010
980.846802 779.696594 148.272903
980.846802 779.696594 0.000010
972.010986 779.696594 148.272903
972.010986 779.696594 0.000010
972.010986 825.025879 148.272903
972.010986 825.025879 0.000010
980.846802 825.025879 148.272903
980.846802 825.025879 0.000010
1003.713989 785.199097 148.272903
1003.713989 785.199097 0.000010
1029.140015 825.025879 148.272903
1029.140015 825.025879 0.000010
1037.974976 825.025879 148.272903
1037.974976 825.025879 0.000010
1037.974976 779.696594 148.272903
1037.974976 779.696594 0.000010
1029.140015 779.696594 148.272903
1029.140015 779.696594 0.000010
1029.139038 809.486023 148.272903
1029.139038 809.486023 0.000010
1176.713989 758.566101 0.000010
1176.713989 1058.566040 0.000010
1176.713989 758.566101 148.272903
1176.713989 1058.566040 148.272903
676.714417 758.566284 0.000010
676.714417 758.566284 148.272903
676.714417 1058.566040 0.000010
676.714417 1058.566040 148.272903
184
0 1 2
2 1 3
4 0 5
5 0 2
6 4 7
7 4 5
8 6 9
9 6 7
10 8 11
11 8 9
12 10 13
13 10 11
1 12 3
3 12 13
14 15 16
16 15 17
18 14 19
19 14 16
20 18 21
21 18 19
22 20 23
23 20 21
24 25 26
26 25 27
26 27 28
28 27 29
28 29 30
30 29 31
30 31 32
32 31 33
32 33 34
34 33 35
34 35 36
36 35 37
36 37 38
38 37 39
38 39 40
40 39 41
40 41 42
42 41 43
42 43 44
44 43 45
44 45 46
46 45 47
46 47 23
23 47 22
48 25 49
49 25 24
50 48 51
51 48 49
52 50 53
53 50 51
15 52 17
17 52 53
54 55 56
56 55 57
58 54 59
59 54 56
60 58 61
61 58 59
62 60 63
63 60 61
64 62 65
65 62 63
66 64 67
67 64 65
68 66 69
69 66 67
70 68 71
71 68 69
72 70 73
73 70 71
74 72 75
75 72 73
76 74 77
77 74 75
78 76 79
79 76 77
55 78 57
57 78 79
80 81 82
82 81 83
84 80 85
85 80 82
86 84 87
87 84 85
81 86 83
83 86 87
8 82 6
6 82 83
6 83 4
4 83 12
4 12 1
8 10 82
82 10 50
82 50 52
12 35 10
10 35 33
10 33 31
1 0 4
47 12 22
22 12 83
22 83 20
20 83 72
20 72 74
47 45 12
12 45 43
12 43 41
41 39 12
12 39 37
12 37 35
10 31 50
50 31 29
50 29 27
27 25 50
50 25 48
15 14 52
52 14 82
14 18 82
82 18 74
82 74 76
18 20 74
68 70 66
66 70 83
66 83 64
64 83 87
64 87 85
70 72 83
78 55 76
76 55 82
55 54 82
82 54 60
82 60 62
54 58 60
82 62 85
85 62 64
11 9 80
80 9 7
80 7 81
81 7 5
81 5 13
13 5 3
3 5 2
11 34 13
13 34 36
13 36 38
49 24 51
51 24 26
51 26 28
28 30 51
51 30 11
51 11 80
30 32 11
11 32 34
38 40 13
13 40 42
13 42 44
44 46 13
13 46 23
13 23 81
81 23 21
81 21 73
73 21 75
75 21 19
75 19 80
80 19 16
80 16 53
53 16 17
53 51 80
69 67 71
71 67 81
71 81 73
67 65 81
81 65 86
86 65 84
84 65 63
84 63 80
80 63 61
80 61 56
56 61 59
56 57 80
80 57 77
80 77 75
57 79 77
