88
84.669678 -18.333923 74.136436
73.558716 10.281250 74.136436
84.669678 -18.333923 -74.136459
73.558716 10.281250 -74.136459
94.071655 11.562561 74.136436
94.071655 11.562561 -74.136459
104.755737 11.562561 74.136436
104.755737 11.562561 -74.136459
87.233765 -34.990540 74.136436
87.233765 -34.990540 -74.136459
78.686768 -34.990540 74.136436
78.686768 -34.990540 -74.136459
63.728760 10.281250 74.136436
63.728760 10.281250 -74.136459
14.347656 -33.277832 74.136436
14.347656 -14.494934 74.136436
14.347656 -33.277832 -74.136459
14.347656 -14.494934 -74.136459
5.511719 -33.277832 74.136436
5.511719 -33.277832 -74.136459
5.511719 12.051575 74.136436
5.511719 12.051575 -74.136459
27.620728 12.051575 74.136436
27.620728 12.051575 -74.136459
27.620728 -14.494934 -74.136459
27.620728 -14.494934 74.136436
31.056763 -14.042725 -74.136459
31.056763 -14.042725 74.136436
34.257690 -12.716736 -74.136459
34.257690 -12.716736 74.136436
37.006714 -10.607361 -74.136459
37.006714 -10.607361 74.136436
39.115723 -7.858337 -74.136459
39.115723 -7.858337 74.136436
40.441650 -4.657043 -74.136459
40.441650 -4.657043 74.136436
40.894653 -1.221741 -74.136459
40.894653 -1.221741 74.136436
40.441650 2.213684 -74.136459
40.441650 2.213684 74.136436
39.115723 5.414856 -74.136459
39.115723 5.414856 74.136436
37.006714 8.163940 -74.136459
37.006714 8.163940 74.136436
34.257690 10.273254 -74.136459
34.257690 10.273254 74.136436
31.056763 11.599243 -74.136459
31.056763 11.599243 74.136436
20.984741 -14.494934 74.136436
20.984741 -14.494934 -74.136459
38.438721 -33.277832 74.136436
38.438721 -33.277832 -74.136459
32.902710 -33.277832 74.136436
32.902710 -33.277832 -74.136459
-55.771301 -32.507751 74.136436
-43.771301 -32.507751 74.136436
-55.771301 -32.507751 -74.136459
-43.771301 -32.507751 -74.136459
-75.125488 -1.386475 74.136436
-75.125488 -1.386475 -74.136459
-75.125488 -32.507751 74.136436
-75.125488 -32.507751 -74.136459
-83.961304 -32.507751 74.136436
-83.961304 -32.507751 -74.136459
-83.961304 12.821533 74.136436
-83.961304 12.821533 -74.136459
-75.125488 12.821533 74.136436
-75.125488 12.821533 -74.136459
-52.258301 -27.005249 74.136436
-52.258301 -27.005249 -74.136459
-26.832275 12.821533 74.136436
-26.832275 12.821533 -74.136459
-17.997314 12.821533 74.136436
-17.997314 12.821533 -74.136459
-17.997314 -32.507751 74.136436
-17.997314 -32.507751 -74.136459
-26.832275 -32.507751 74.136436
-26.832275 -32.507751 -74.136459
-26.833252 -2.718323 74.136436
-26.833252 -2.718323 -74.136459
120.741699 -53.638245 -74.136459
120.741699 246.361694 -74.136459
120.741699 -53.638245 74.136436
120.741699 246.361694 74.136436
-379.257874 -53.638062 -74.136459
-379.257874 -53.638062 74.136436
-379.257874 246.361694 -74.136459
-379.257874 246.361694 74.136436
184
0 1 2
2 1 3
4 0 5
5 0 2
6 4 7
7 4 5
8 6 9
9 6 7
10 8 11
11 8 9
12 10 13
13 10 11
1 12 3
3 12 13
14 15 16
16 15 17
18 14 19
19 14 16
20 18 21
21 18 19
22 20 23
23 20 21
24 25 26
26 25 27
26 27 28
28 27 29
28 29 30
30 29 31
30 31 32
32 31 33
32 33 34
34 33 35
34 35 36
36 35 37
36 37 38
38 37 39
38 39 40
40 39 41
40 41 42
42 41 43
42 43 44
44 43 45
44 45 46
46 45 47
46 47 23
23 47 22
48 25 49
49 25 24
50 48 51
51 48 49
52 50 53
53 50 51
15 52 17
17 52 53
54 55 56
56 55 57
58 54 59
59 54 56
60 58 61
61 58 59
62 60 63
63 60 61
64 62 65
65 62 63
66 64 67
67 64 65
68 66 69
69 66 67
70 68 71
71 68 69
72 70 73
73 70 71
74 72 75
75 72 73
76 74 77
77 74 75
78 76 79
79 76 77
55 78 57
57 78 79
80 81 82
82 81 83
84 80 85
85 80 82
86 84 87
87 84 85
81 86 83
83 86 87
8 82 6
6 82 83
6 83 4
4 83 12
4 12 1
8 10 82
82 10 50
82 50 52
12 35 10
10 35 33
10 33 31
1 0 4
47 12 22
22 12 83
22 83 20
20 83 72
20 72 74
47 45 12
12 45 43
12 43 41
41 39 12
12 39 37
12 37 35
10 31 50
50 31 29
50 29 27
27 25 50
50 25 48
15 14 52
52 14 82
14 18 82
82 18 74
82 74 76
18 20 74
68 70 66
66 70 83
66 83 64
64 83 87
64 87 85
70 72 83
78 55 76
76 55 82
55 54 82
82 54 60
82 60 62
54 58 60
82 62 85
85 62 64
11 9 80
80 9 7
80 7 81
81 7 5
81 5 13
13 5 3
3 5 2
11 34 13
13 34 36
13 36 38
49 24 51
51 24 26
51 26 28
28 30 51
51 30 11
51 11 80
30 32 11
11 32 34
38 40 13
13 40 42
13 42 44
44 46 13
13 46 23
13 23 81
81 23 21
81 21 73
73 21 75
75 21 19
75 19 80
80 19 16
80 16 53
53 16 17
53 51 80
69 67 71
71 67 81
71 81 73
67 65 81
81 65 86
86 65 84
84 65 63
84 63 80
80 63 61
80 61 56
56 61 59
56 57 80
80 57 77
80 77 75
57 79 77
