602
-25.000000 -25.000000 0.000000
-25.000000 -20.000000 0.000000
-20.000000 -20.000000 0.000000
-20.000000 -25.000000 0.000000
-15.000000 -20.000000 0.000000
-15.000000 -25.000000 0.000000
-10.000000 -20.000000 0.000000
-10.000000 -25.000000 0.000000
-5.000000 -20.000000 0.000000
-5.000000 -25.000000 0.000000
0.000000 -20.000000 0.000000
0.000000 -25.000000 0.000000
5.000000 -20.000000 0.000000
5.000000 -25.000000 0.000000
10.000000 -20.000000 0.000000
10.000000 -25.000000 0.000000
15.000000 -20.000000 0.000000
15.000000 -25.000000 0.000000
20.000000 -20.000000 0.000000
20.000000 -25.000000 0.000000
25.000000 -20.000000 0.000000
25.000000 -25.000000 0.000000
-25.000000 -15.000000 0.000000
-20.000000 -15.000000 0.000000
-15.000000 -15.000000 0.000000
-10.000000 -15.000000 0.000000
-5.000000 -15.000000 0.000000
0.000000 -15.000000 0.000000
5.000000 -15.000000 0.000000
10.000000 -15.000000 0.000000
15.000000 -15.000000 0.000000
20.000000 -15.000000 0.000000
25.000000 -15.000000 0.000000
-25.000000 -10.000000 0.000000
-20.000000 -10.000000 0.000000
-15.000000 -10.000000 0.000000
-10.000000 -10.000000 0.000000
-5.000000 -10.000000 0.000000
0.000000 -10.000000 0.000000
5.000000 -10.000000 0.000000
10.000000 -10.000000 0.000000
15.000000 -10.000000 0.000000
20.000000 -10.000000 0.000000
25.000000 -10.000000 0.000000
-25.000000 -5.000000 0.000000
-20.000000 -5.000000 0.000000
-15.000000 -5.000000 0.000000
-10.000000 -5.000000 0.000000
-5.000000 -5.000000 0.000000
0.000000 -5.000000 0.000000
5.000000 -5.000000 0.000000
10.000000 -5.000000 0.000000
15.000000 -5.000000 0.000000
20.000000 -5.000000 0.000000
25.000000 -5.000000 0.000000
-25.000000 0.000000 0.000000
-20.000000 0.000000 0.000000
-15.000000 0.000000 0.000000
-10.000000 0.000000 0.000000
-5.000000 0.000000 0.000000
0.000000 0.000000 0.000000
5.000000 0.000000 0.000000
10.000000 0.000000 0.000000
15.000000 0.000000 0.000000
20.000000 0.000000 0.000000
25.000000 0.000000 0.000000
-25.000000 5.000000 0.000000
-20.000000 5.000000 0.000000
-15.000000 5.000000 0.000000
-10.000000 5.000000 0.000000
-5.000000 5.000000 0.000000
0.000000 5.000000 0.000000
5.000000 5.000000 0.000000
10.000000 5.000000 0.000000
15.000000 5.000000 0.000000
20.000000 5.000000 0.000000
25.000000 5.000000 0.000000
-25.000000 10.000000 0.000000
-20.000000 10.000000 0.000000
-15.000000 10.000000 0.000000
-10.000000 10.000000 0.000000
-5.000000 10.000000 0.000000
0.000000 10.000000 0.000000
5.000000 10.000000 0.000000
10.000000 10.000000 0.000000
15.000000 10.000000 0.000000
20.000000 10.000000 0.000000
25.000000 10.000000 0.000000
-25.000000 15.000000 0.000000
-20.000000 15.000000 0.000000
-15.000000 15.000000 0.000000
-10.000000 15.000000 0.000000
-5.000000 15.000000 0.000000
0.000000 15.000000 0.000000
5.000000 15.000000 0.000000
10.000000 15.000000 0.000000
15.000000 15.000000 0.000000
20.000000 15.000000 0.000000
25.000000 15.000000 0.000000
-25.000000 20.000000 0.000000
-20.000000 20.000000 0.000000
-15.000000 20.000000 0.000000
-10.000000 20.000000 0.000000
-5.000000 20.000000 0.000000
0.000000 20.000000 0.000000
5.000000 20.000000 0.000000
10.000000 20.000000 0.000000
15.000000 20.000000 0.000000
20.000000 20.000000 0.000000
25.000000 20.000000 0.000000
-25.000000 25.000000 0.000000
-20.000000 25.000000 0.000000
-15.000000 25.000000 0.000000
-10.000000 25.000000 0.000000
-5.000000 25.000000 0.000000
0.000000 25.000000 0.000000
5.000000 25.000000 0.000000
10.000000 25.000000 0.000000
15.000000 25.000000 0.000000
20.000000 25.000000 0.000000
25.000000 25.000000 0.000000
-25.000000 -25.000000 50.000000
-20.000000 -25.000000 50.000000
-20.000000 -20.000000 50.000000
-25.000000 -20.000000 50.000000
-15.000000 -25.000000 50.000000
-15.000000 -20.000000 50.000000
-10.000000 -25.000000 50.000000
-10.000000 -20.000000 50.000000
-5.000000 -25.000000 50.000000
-5.000000 -20.000000 50.000000
0.000000 -25.000000 50.000000
0.000000 -20.000000 50.000000
5.000000 -25.000000 50.000000
5.000000 -20.000000 50.000000
10.000000 -25.000000 50.000000
10.000000 -20.000000 50.000000
15.000000 -25.000000 50.000000
15.000000 -20.000000 50.000000
20.000000 -25.000000 50.000000
20.000000 -20.000000 50.000000
25.000000 -25.000000 50.000000
25.000000 -20.000000 50.000000
-20.000000 -15.000000 50.000000
-25.000000 -15.000000 50.000000
-15.000000 -15.000000 50.000000
-10.000000 -15.000000 50.000000
-5.000000 -15.000000 50.000000
0.000000 -15.000000 50.000000
5.000000 -15.000000 50.000000
10.000000 -15.000000 50.000000
15.000000 -15.000000 50.000000
20.000000 -15.000000 50.000000
25.000000 -15.000000 50.000000
-20.000000 -10.000000 50.000000
-25.000000 -10.000000 50.000000
-15.000000 -10.000000 50.000000
-10.000000 -10.000000 50.000000
-5.000000 -10.000000 50.000000
0.000000 -10.000000 50.000000
5.000000 -10.000000 50.000000
10.000000 -10.000000 50.000000
15.000000 -10.000000 50.000000
20.000000 -10.000000 50.000000
25.000000 -10.000000 50.000000
-20.000000 -5.000000 50.000000
-25.000000 -5.000000 50.000000
-15.000000 -5.000000 50.000000
-10.000000 -5.000000 50.000000
-5.000000 -5.000000 50.000000
0.000000 -5.000000 50.000000
5.000000 -5.000000 50.000000
10.000000 -5.000000 50.000000
15.000000 -5.000000 50.000000
20.000000 -5.000000 50.000000
25.000000 -5.000000 50.000000
-20.000000 0.000000 50.000000
-25.000000 0.000000 50.000000
-15.000000 0.000000 50.000000
-10.000000 0.000000 50.000000
-5.000000 0.000000 50.000000
0.000000 0.000000 50.000000
5.000000 0.000000 50.000000
10.000000 0.000000 50.000000
15.000000 0.000000 50.000000
20.000000 0.000000 50.000000
25.000000 0.000000 50.000000
-20.000000 5.000000 50.000000
-25.000000 5.000000 50.000000
-15.000000 5.000000 50.000000
-10.000000 5.000000 50.000000
-5.000000 5.000000 50.000000
0.000000 5.000000 50.000000
5.000000 5.000000 50.000000
10.000000 5.000000 50.000000
15.000000 5.000000 50.000000
20.000000 5.000000 50.000000
25.000000 5.000000 50.000000
-20.000000 10.000000 50.000000
-25.000000 10.000000 50.000000
-15.000000 10.000000 50.000000
-10.000000 10.000000 50.000000
-5.000000 10.000000 50.000000
0.000000 10.000000 50.000000
5.000000 10.000000 50.000000
10.000000 10.000000 50.000000
15.000000 10.000000 50.000000
20.000000 10.000000 50.000000
25.000000 10.000000 50.000000
-20.000000 15.000000 50.000000
-25.000000 15.000000 50.000000
-15.000000 15.000000 50.000000
-10.000000 15.000000 50.000000
-5.000000 15.000000 50.000000
0.000000 15.000000 50.000000
5.000000 15.000000 50.000000
10.000000 15.000000 50.000000
15.000000 15.000000 50.000000
20.000000 15.000000 50.000000
25.000000 15.000000 50.000000
-20.000000 20.000000 50.000000
-25.000000 20.000000 50.000000
-15.000000 20.000000 50.000000
-10.000000 20.000000 50.000000
-5.000000 20.000000 50.000000
0.000000 20.000000 50.000000
5.000000 20.000000 50.000000
10.000000 20.000000 50.000000
15.000000 20.000000 50.000000
20.000000 20.000000 50.000000
25.000000 20.000000 50.000000
-20.000000 25.000000 50.000000
-25.000000 25.000000 50.000000
-15.000000 25.000000 50.000000
-10.000000 25.000000 50.000000
-5.000000 25.000000 50.000000
0.000000 25.000000 50.000000
5.000000 25.000000 50.000000
10.000000 25.000000 50.000000
15.000000 25.000000 50.000000
20.000000 25.000000 50.000000
25.000000 25.000000 50.000000
-20.000000 -25.000000 5.000000
-25.000000 -25.000000 5.000000
-15.000000 -25.000000 5.000000
-10.000000 -25.000000 5.000000
-5.000000 -25.000000 5.000000
0.000000 -25.000000 5.000000
5.000000 -25.000000 5.000000
10.000000 -25.000000 5.000000
15.000000 -25.000000 5.000000
20.000000 -25.000000 5.000000
25.000000 -25.000000 5.000000
-20.000000 -25.000000 10.000000
-25.000000 -25.000000 10.000000
-15.000000 -25.000000 10.000000
-10.000000 -25.000000 10.000000
-5.000000 -25.000000 10.000000
0.000000 -25.000000 10.000000
5.000000 -25.000000 10.000000
10.000000 -25.000000 10.000000
15.000000 -25.000000 10.000000
20.000000 -25.000000 10.000000
25.000000 -25.000000 10.000000
-20.000000 -25.000000 15.000000
-25.000000 -25.000000 15.000000
-15.000000 -25.000000 15.000000
-10.000000 -25.000000 15.000000
-5.000000 -25.000000 15.000000
0.000000 -25.000000 15.000000
5.000000 -25.000000 15.000000
10.000000 -25.000000 15.000000
15.000000 -25.000000 15.000000
20.000000 -25.000000 15.000000
25.000000 -25.000000 15.000000
-20.000000 -25.000000 20.000000
-25.000000 -25.000000 20.000000
-15.000000 -25.000000 20.000000
-10.000000 -25.000000 20.000000
-5.000000 -25.000000 20.000000
0.000000 -25.000000 20.000000
5.000000 -25.000000 20.000000
10.000000 -25.000000 20.000000
15.000000 -25.000000 20.000000
20.000000 -25.000000 20.000000
25.000000 -25.000000 20.000000
-20.000000 -25.000000 25.000000
-25.000000 -25.000000 25.000000
-15.000000 -25.000000 25.000000
-10.000000 -25.000000 25.000000
-5.000000 -25.000000 25.000000
0.000000 -25.000000 25.000000
5.000000 -25.000000 25.000000
10.000000 -25.000000 25.000000
15.000000 -25.000000 25.000000
20.000000 -25.000000 25.000000
25.000000 -25.000000 25.000000
-20.000000 -25.000000 30.000000
-25.000000 -25.000000 30.000000
-15.000000 -25.000000 30.000000
-10.000000 -25.000000 30.000000
-5.000000 -25.000000 30.000000
0.000000 -25.000000 30.000000
5.000000 -25.000000 30.000000
10.000000 -25.000000 30.000000
15.000000 -25.000000 30.000000
20.000000 -25.000000 30.000000
25.000000 -25.000000 30.000000
-20.000000 -25.000000 35.000000
-25.000000 -25.000000 35.000000
-15.000000 -25.000000 35.000000
-10.000000 -25.000000 35.000000
-5.000000 -25.000000 35.000000
0.000000 -25.000000 35.000000
5.000000 -25.000000 35.000000
10.000000 -25.000000 35.000000
15.000000 -25.000000 35.000000
20.000000 -25.000000 35.000000
25.000000 -25.000000 35.000000
-20.000000 -25.000000 40.000000
-25.000000 -25.000000 40.000000
-15.000000 -25.000000 40.000000
-10.000000 -25.000000 40.000000
-5.000000 -25.000000 40.000000
0.000000 -25.000000 40.000000
5.000000 -25.000000 40.000000
10.000000 -25.000000 40.000000
15.000000 -25.000000 40.000000
20.000000 -25.000000 40.000000
25.000000 -25.000000 40.000000
-20.000000 -25.000000 45.000000
-25.000000 -25.000000 45.000000
-15.000000 -25.000000 45.000000
-10.000000 -25.000000 45.000000
-5.000000 -25.000000 45.000000
0.000000 -25.000000 45.000000
5.000000 -25.000000 45.000000
10.000000 -25.000000 45.000000
15.000000 -25.000000 45.000000
20.000000 -25.000000 45.000000
25.000000 -25.000000 45.000000
25.000000 -20.000000 5.000000
25.000000 -15.000000 5.000000
25.000000 -10.000000 5.000000
25.000000 -5.000000 5.000000
25.000000 0.000000 5.000000
25.000000 5.000000 5.000000
25.000000 10.000000 5.000000
25.000000 15.000000 5.000000
25.000000 20.000000 5.000000
25.000000 25.000000 5.000000
25.000000 -20.000000 10.000000
25.000000 -15.000000 10.000000
25.000000 -10.000000 10.000000
25.000000 -5.000000 10.000000
25.000000 0.000000 10.000000
25.000000 5.000000 10.000000
25.000000 10.000000 10.000000
25.000000 15.000000 10.000000
25.000000 20.000000 10.000000
25.000000 25.000000 10.000000
25.000000 -20.000000 15.000000
25.000000 -15.000000 15.000000
25.000000 -10.000000 15.000000
25.000000 -5.000000 15.000000
25.000000 0.000000 15.000000
25.000000 5.000000 15.000000
25.000000 10.000000 15.000000
25.000000 15.000000 15.000000
25.000000 20.000000 15.000000
25.000000 25.000000 15.000000
25.000000 -20.000000 20.000000
25.000000 -15.000000 20.000000
25.000000 -10.000000 20.000000
25.000000 -5.000000 20.000000
25.000000 0.000000 20.000000
25.000000 5.000000 20.000000
25.000000 10.000000 20.000000
25.000000 15.000000 20.000000
25.000000 20.000000 20.000000
25.000000 25.000000 20.000000
25.000000 -20.000000 25.000000
25.000000 -15.000000 25.000000
25.000000 -10.000000 25.000000
25.000000 -5.000000 25.000000
25.000000 0.000000 25.000000
25.000000 5.000000 25.000000
25.000000 10.000000 25.000000
25.000000 15.000000 25.000000
25.000000 20.000000 25.000000
25.000000 25.000000 25.000000
25.000000 -20.000000 30.000000
25.000000 -15.000000 30.000000
25.000000 -10.000000 30.000000
25.000000 -5.000000 30.000000
25.000000 0.000000 30.000000
25.000000 5.000000 30.000000
25.000000 10.000000 30.000000
25.000000 15.000000 30.000000
25.000000 20.000000 30.000000
25.000000 25.000000 30.000000
25.000000 -20.000000 35.000000
25.000000 -15.000000 35.000000
25.000000 -10.000000 35.000000
25.000000 -5.000000 35.000000
25.000000 0.000000 35.000000
25.000000 5.000000 35.000000
25.000000 10.000000 35.000000
25.000000 15.000000 35.000000
25.000000 20.000000 35.000000
25.000000 25.000000 35.000000
25.000000 -20.000000 40.000000
25.000000 -15.000000 40.000000
25.000000 -10.000000 40.000000
25.000000 -5.000000 40.000000
25.000000 0.000000 40.000000
25.000000 5.000000 40.000000
25.000000 10.000000 40.000000
25.000000 15.000000 40.000000
25.000000 20.000000 40.000000
25.000000 25.000000 40.000000
25.000000 -20.000000 45.000000
25.000000 -15.000000 45.000000
25.000000 -10.000000 45.000000
25.000000 -5.000000 45.000000
25.000000 0.000000 45.000000
25.000000 5.000000 45.000000
25.000000 10.000000 45.000000
25.000000 15.000000 45.000000
25.000000 20.000000 45.000000
25.000000 25.000000 45.000000
20.000000 25.000000 5.000000
15.000000 25.000000 5.000000
10.000000 25.000000 5.000000
5.000000 25.000000 5.000000
0.000000 25.000000 5.000000
-5.000000 25.000000 5.000000
-10.000000 25.000000 5.000000
-15.000000 25.000000 5.000000
-20.000000 25.000000 5.000000
-25.000000 25.000000 5.000000
20.000000 25.000000 10.000000
15.000000 25.000000 10.000000
10.000000 25.000000 10.000000
5.000000 25.000000 10.000000
0.000000 25.000000 10.000000
-5.000000 25.000000 10.000000
-10.000000 25.000000 10.000000
-15.000000 25.000000 10.000000
-20.000000 25.000000 10.000000
-25.000000 25.000000 10.000000
20.000000 25.000000 15.000000
15.000000 25.000000 15.000000
10.000000 25.000000 15.000000
5.000000 25.000000 15.000000
0.000000 25.000000 15.000000
-5.000000 25.000000 15.000000
-10.000000 25.000000 15.000000
-15.000000 25.000000 15.000000
-20.000000 25.000000 15.000000
-25.000000 25.000000 15.000000
20.000000 25.000000 20.000000
15.000000 25.000000 20.000000
10.000000 25.000000 20.000000
5.000000 25.000000 20.000000
0.000000 25.000000 20.000000
-5.000000 25.000000 20.000000
-10.000000 25.000000 20.000000
-15.000000 25.000000 20.000000
-20.000000 25.000000 20.000000
-25.000000 25.000000 20.000000
20.000000 25.000000 25.000000
15.000000 25.000000 25.000000
10.000000 25.000000 25.000000
5.000000 25.000000 25.000000
0.000000 25.000000 25.000000
-5.000000 25.000000 25.000000
-10.000000 25.000000 25.000000
-15.000000 25.000000 25.000000
-20.000000 25.000000 25.000000
-25.000000 25.000000 25.000000
20.000000 25.000000 30.000000
15.000000 25.000000 30.000000
10.000000 25.000000 30.000000
5.000000 25.000000 30.000000
0.000000 25.000000 30.000000
-5.000000 25.000000 30.000000
-10.000000 25.000000 30.000000
-15.000000 25.000000 30.000000
-20.000000 25.000000 30.000000
-25.000000 25.000000 30.000000
20.000000 25.000000 35.000000
15.000000 25.000000 35.000000
10.000000 25.000000 35.000000
5.000000 25.000000 35.000000
0.000000 25.000000 35.000000
-5.000000 25.000000 35.000000
-10.000000 25.000000 35.000000
-15.000000 25.000000 35.000000
-20.000000 25.000000 35.000000
-25.000000 25.000000 35.000000
20.000000 25.000000 40.000000
15.000000 25.000000 40.000000
10.000000 25.000000 40.000000
5.000000 25.000000 40.000000
0.000000 25.000000 40.000000
-5.000000 25.000000 40.000000
-10.000000 25.000000 40.000000
-15.000000 25.000000 40.000000
-20.000000 25.000000 40.000000
-25.000000 25.000000 40.000000
20.000000 25.000000 45.000000
15.000000 25.000000 45.000000
10.000000 25.000000 45.000000
5.000000 25.000000 45.000000
0.000000 25.000000 45.000000
-5.000000 25.000000 45.000000
-10.000000 25.000000 45.000000
-15.000000 25.000000 45.000000
-20.000000 25.000000 45.000000
-25.000000 25.000000 45.000000
-25.000000 20.000000 5.000000
-25.000000 15.000000 5.000000
-25.000000 10.000000 5.000000
-25.000000 5.000000 5.000000
-25.000000 0.000000 5.000000
-25.000000 -5.000000 5.000000
-25.000000 -10.000000 5.000000
-25.000000 -15.000000 5.000000
-25.000000 -20.000000 5.000000
-25.000000 20.000000 10.000000
-25.000000 15.000000 10.000000
-25.000000 10.000000 10.000000
-25.000000 5.000000 10.000000
-25.000000 0.000000 10.000000
-25.000000 -5.000000 10.000000
-25.000000 -10.000000 10.000000
-25.000000 -15.000000 10.000000
-25.000000 -20.000000 10.000000
-25.000000 20.000000 15.000000
-25.000000 15.000000 15.000000
-25.000000 10.000000 15.000000
-25.000000 5.000000 15.000000
-25.000000 0.000000 15.000000
-25.000000 -5.000000 15.000000
-25.000000 -10.000000 15.000000
-25.000000 -15.000000 15.000000
-25.000000 -20.000000 15.000000
-25.000000 20.000000 20.000000
-25.000000 15.000000 20.000000
-25.000000 10.000000 20.000000
-25.000000 5.000000 20.000000
-25.000000 0.000000 20.000000
-25.000000 -5.000000 20.000000
-25.000000 -10.000000 20.000000
-25.000000 -15.000000 20.000000
-25.000000 -20.000000 20.000000
-25.000000 20.000000 25.000000
-25.000000 15.000000 25.000000
-25.000000 10.000000 25.000000
-25.000000 5.000000 25.000000
-25.000000 0.000000 25.000000
-25.000000 -5.000000 25.000000
-25.000000 -10.000000 25.000000
-25.000000 -15.000000 25.000000
-25.000000 -20.000000 25.000000
-25.000000 20.000000 30.000000
-25.000000 15.000000 30.000000
-25.000000 10.000000 30.000000
-25.000000 5.000000 30.000000
-25.000000 0.000000 30.000000
-25.000000 -5.000000 30.000000
-25.000000 -10.000000 30.000000
-25.000000 -15.000000 30.000000
-25.000000 -20.000000 30.000000
-25.000000 20.000000 35.000000
-25.000000 15.000000 35.000000
-25.000000 10.000000 35.000000
-25.000000 5.000000 35.000000
-25.000000 0.000000 35.000000
-25.000000 -5.000000 35.000000
-25.000000 -10.000000 35.000000
-25.000000 -15.000000 35.000000
-25.000000 -20.000000 35.000000
-25.000000 20.000000 40.000000
-25.000000 15.000000 40.000000
-25.000000 10.000000 40.000000
-25.000000 5.000000 40.000000
-25.000000 0.000000 40.000000
-25.000000 -5.000000 40.000000
-25.000000 -10.000000 40.000000
-25.000000 -15.000000 40.000000
-25.000000 -20.000000 40.000000
-25.000000 20.000000 45.000000
-25.000000 15.000000 45.000000
-25.000000 10.000000 45.000000
-25.000000 5.000000 45.000000
-25.000000 0.000000 45.000000
-25.000000 -5.000000 45.000000
-25.000000 -10.000000 45.000000
-25.000000 -15.000000 45.000000
-25.000000 -20.000000 45.000000
1200
0 1 2
2 3 0
3 2 4
4 5 3
5 4 6
6 7 5
7 6 8
8 9 7
9 8 10
10 11 9
11 10 12
12 13 11
13 12 14
14 15 13
15 14 16
16 17 15
17 16 18
18 19 17
19 18 20
20 21 19
1 22 23
23 2 1
2 23 24
24 4 2
4 24 25
25 6 4
6 25 26
26 8 6
8 26 27
27 10 8
10 27 28
28 12 10
12 28 29
29 14 12
14 29 30
30 16 14
16 30 31
31 18 16
18 31 32
32 20 18
22 33 34
34 23 22
23 34 35
35 24 23
24 35 36
36 25 24
25 36 37
37 26 25
26 37 38
38 27 26
27 38 39
39 28 27
28 39 40
40 29 28
29 40 41
41 30 29
30 41 42
42 31 30
31 42 43
43 32 31
33 44 45
45 34 33
34 45 46
46 35 34
35 46 47
47 36 35
36 47 48
48 37 36
37 48 49
49 38 37
38 49 50
50 39 38
39 50 51
51 40 39
40 51 52
52 41 40
41 52 53
53 42 41
42 53 54
54 43 42
44 55 56
56 45 44
45 56 57
57 46 45
46 57 58
58 47 46
47 58 59
59 48 47
48 59 60
60 49 48
49 60 61
61 50 49
50 61 62
62 51 50
51 62 63
63 52 51
52 63 64
64 53 52
53 64 65
65 54 53
55 66 67
67 56 55
56 67 68
68 57 56
57 68 69
69 58 57
58 69 70
70 59 58
59 70 71
71 60 59
60 71 72
72 61 60
61 72 73
73 62 61
62 73 74
74 63 62
63 74 75
75 64 63
64 75 76
76 65 64
66 77 78
78 67 66
67 78 79
79 68 67
68 79 80
80 69 68
69 80 81
81 70 69
70 81 82
82 71 70
71 82 83
83 72 71
72 83 84
84 73 72
73 84 85
85 74 73
74 85 86
86 75 74
75 86 87
87 76 75
77 88 89
89 78 77
78 89 90
90 79 78
79 90 91
91 80 79
80 91 92
92 81 80
81 92 93
93 82 81
82 93 94
94 83 82
83 94 95
95 84 83
84 95 96
96 85 84
85 96 97
97 86 85
86 97 98
98 87 86
88 99 100
100 89 88
89 100 101
101 90 89
90 101 102
102 91 90
91 102 103
103 92 91
92 103 104
104 93 92
93 104 105
105 94 93
94 105 106
106 95 94
95 106 107
107 96 95
96 107 108
108 97 96
97 108 109
109 98 97
99 110 111
111 100 99
100 111 112
112 101 100
101 112 113
113 102 101
102 113 114
114 103 102
103 114 115
115 104 103
104 115 116
116 105 104
105 116 117
117 106 105
106 117 118
118 107 106
107 118 119
119 108 107
108 119 120
120 109 108
121 122 123
123 124 121
122 125 126
126 123 122
125 127 128
128 126 125
127 129 130
130 128 127
129 131 132
132 130 129
131 133 134
134 132 131
133 135 136
136 134 133
135 137 138
138 136 135
137 139 140
140 138 137
139 141 142
142 140 139
124 123 143
143 144 124
123 126 145
145 143 123
126 128 146
146 145 126
128 130 147
147 146 128
130 132 148
148 147 130
132 134 149
149 148 132
134 136 150
150 149 134
136 138 151
151 150 136
138 140 152
152 151 138
140 142 153
153 152 140
144 143 154
154 155 144
143 145 156
156 154 143
145 146 157
157 156 145
146 147 158
158 157 146
147 148 159
159 158 147
148 149 160
160 159 148
149 150 161
161 160 149
150 151 162
162 161 150
151 152 163
163 162 151
152 153 164
164 163 152
155 154 165
165 166 155
154 156 167
167 165 154
156 157 168
168 167 156
157 158 169
169 168 157
158 159 170
170 169 158
159 160 171
171 170 159
160 161 172
172 171 160
161 162 173
173 172 161
162 163 174
174 173 162
163 164 175
175 174 163
166 165 176
176 177 166
165 167 178
178 176 165
167 168 179
179 178 167
168 169 180
180 179 168
169 170 181
181 180 169
170 171 182
182 181 170
171 172 183
183 182 171
172 173 184
184 183 172
173 174 185
185 184 173
174 175 186
186 185 174
177 176 187
187 188 177
176 178 189
189 187 176
178 179 190
190 189 178
179 180 191
191 190 179
180 181 192
192 191 180
181 182 193
193 192 181
182 183 194
194 193 182
183 184 195
195 194 183
184 185 196
196 195 184
185 186 197
197 196 185
188 187 198
198 199 188
187 189 200
200 198 187
189 190 201
201 200 189
190 191 202
202 201 190
191 192 203
203 202 191
192 193 204
204 203 192
193 194 205
205 204 193
194 195 206
206 205 194
195 196 207
207 206 195
196 197 208
208 207 196
199 198 209
209 210 199
198 200 211
211 209 198
200 201 212
212 211 200
201 202 213
213 212 201
202 203 214
214 213 202
203 204 215
215 214 203
204 205 216
216 215 204
205 206 217
217 216 205
206 207 218
218 217 206
207 208 219
219 218 207
210 209 220
220 221 210
209 211 222
222 220 209
211 212 223
223 222 211
212 213 224
224 223 212
213 214 225
225 224 213
214 215 226
226 225 214
215 216 227
227 226 215
216 217 228
228 227 216
217 218 229
229 228 217
218 219 230
230 229 218
221 220 231
231 232 221
220 222 233
233 231 220
222 223 234
234 233 222
223 224 235
235 234 223
224 225 236
236 235 224
225 226 237
237 236 225
226 227 238
238 237 226
227 228 239
239 238 227
228 229 240
240 239 228
229 230 241
241 240 229
0 3 242
242 243 0
3 5 244
244 242 3
5 7 245
245 244 5
7 9 246
246 245 7
9 11 247
247 246 9
11 13 248
248 247 11
13 15 249
249 248 13
15 17 250
250 249 15
17 19 251
251 250 17
19 21 252
252 251 19
243 242 253
253 254 243
242 244 255
255 253 242
244 245 256
256 255 244
245 246 257
257 256 245
246 247 258
258 257 246
247 248 259
259 258 247
248 249 260
260 259 248
249 250 261
261 260 249
250 251 262
262 261 250
251 252 263
263 262 251
254 253 264
264 265 254
253 255 266
266 264 253
255 256 267
267 266 255
256 257 268
268 267 256
257 258 269
269 268 257
258 259 270
270 269 258
259 260 271
271 270 259
260 261 272
272 271 260
261 262 273
273 272 261
262 263 274
274 273 262
265 264 275
275 276 265
264 266 277
277 275 264
266 267 278
278 277 266
267 268 279
279 278 267
268 269 280
280 279 268
269 270 281
281 280 269
270 271 282
282 281 270
271 272 283
283 282 271
272 273 284
284 283 272
273 274 285
285 284 273
276 275 286
286 287 276
275 277 288
288 286 275
277 278 289
289 288 277
278 279 290
290 289 278
279 280 291
291 290 279
280 281 292
292 291 280
281 282 293
293 292 281
282 283 294
294 293 282
283 284 295
295 294 283
284 285 296
296 295 284
287 286 297
297 298 287
286 288 299
299 297 286
288 289 300
300 299 288
289 290 301
301 300 289
290 291 302
302 301 290
291 292 303
303 302 291
292 293 304
304 303 292
293 294 305
305 304 293
294 295 306
306 305 294
295 296 307
307 306 295
298 297 308
308 309 298
297 299 310
310 308 297
299 300 311
311 310 299
300 301 312
312 311 300
301 302 313
313 312 301
302 303 314
314 313 302
303 304 315
315 314 303
304 305 316
316 315 304
305 306 317
317 316 305
306 307 318
318 317 306
309 308 319
319 320 309
308 310 321
321 319 308
310 311 322
322 321 310
311 312 323
323 322 311
312 313 324
324 323 312
313 314 325
325 324 313
314 315 326
326 325 314
315 316 327
327 326 315
316 317 328
328 327 316
317 318 329
329 328 317
320 319 330
330 331 320
319 321 332
332 330 319
321 322 333
333 332 321
322 323 334
334 333 322
323 324 335
335 334 323
324 325 336
336 335 324
325 326 337
337 336 325
326 327 338
338 337 326
327 328 339
339 338 327
328 329 340
340 339 328
331 330 122
122 121 331
330 332 125
125 122 330
332 333 127
127 125 332
333 334 129
129 127 333
334 335 131
131 129 334
335 336 133
133 131 335
336 337 135
135 133 336
337 338 137
137 135 337
338 339 139
139 137 338
339 340 141
141 139 339
21 20 341
341 252 21
20 32 342
342 341 20
32 43 343
343 342 32
43 54 344
344 343 43
54 65 345
345 344 54
65 76 346
346 345 65
76 87 347
347 346 76
87 98 348
348 347 87
98 109 349
349 348 98
109 120 350
350 349 109
252 341 351
351 263 252
341 342 352
352 351 341
342 343 353
353 352 342
343 344 354
354 353 343
344 345 355
355 354 344
345 346 356
356 355 345
346 347 357
357 356 346
347 348 358
358 357 347
348 349 359
359 358 348
349 350 360
360 359 349
263 351 361
361 274 263
351 352 362
362 361 351
352 353 363
363 362 352
353 354 364
364 363 353
354 355 365
365 364 354
355 356 366
366 365 355
356 357 367
367 366 356
357 358 368
368 367 357
358 359 369
369 368 358
359 360 370
370 369 359
274 361 371
371 285 274
361 362 372
372 371 361
362 363 373
373 372 362
363 364 374
374 373 363
364 365 375
375 374 364
365 366 376
376 375 365
366 367 377
377 376 366
367 368 378
378 377 367
368 369 379
379 378 368
369 370 380
380 379 369
285 371 381
381 296 285
371 372 382
382 381 371
372 373 383
383 382 372
373 374 384
384 383 373
374 375 385
385 384 374
375 376 386
386 385 375
376 377 387
387 386 376
377 378 388
388 387 377
378 379 389
389 388 378
379 380 390
390 389 379
296 381 391
391 307 296
381 382 392
392 391 381
382 383 393
393 392 382
383 384 394
394 393 383
384 385 395
395 394 384
385 386 396
396 395 385
386 387 397
397 396 386
387 388 398
398 397 387
388 389 399
399 398 388
389 390 400
400 399 389
307 391 401
401 318 307
391 392 402
402 401 391
392 393 403
403 402 392
393 394 404
404 403 393
394 395 405
405 404 394
395 396 406
406 405 395
396 397 407
407 406 396
397 398 408
408 407 397
398 399 409
409 408 398
399 400 410
410 409 399
318 401 411
411 329 318
401 402 412
412 411 401
402 403 413
413 412 402
403 404 414
414 413 403
404 405 415
415 414 404
405 406 416
416 415 405
406 407 417
417 416 406
407 408 418
418 417 407
408 409 419
419 418 408
409 410 420
420 419 409
329 411 421
421 340 329
411 412 422
422 421 411
412 413 423
423 422 412
413 414 424
424 423 413
414 415 425
425 424 414
415 416 426
426 425 415
416 417 427
427 426 416
417 418 428
428 427 417
418 419 429
429 428 418
419 420 430
430 429 419
340 421 142
142 141 340
421 422 153
153 142 421
422 423 164
164 153 422
423 424 175
175 164 423
424 425 186
186 175 424
425 426 197
197 186 425
426 427 208
208 197 426
427 428 219
219 208 427
428 429 230
230 219 428
429 430 241
241 230 429
120 119 431
431 350 120
119 118 432
432 431 119
118 117 433
433 432 118
117 116 434
434 433 117
116 115 435
435 434 116
115 114 436
436 435 115
114 113 437
437 436 114
113 112 438
438 437 113
112 111 439
439 438 112
111 110 440
440 439 111
350 431 441
441 360 350
431 432 442
442 441 431
432 433 443
443 442 432
433 434 444
444 443 433
434 435 445
445 444 434
435 436 446
446 445 435
436 437 447
447 446 436
437 438 448
448 447 437
438 439 449
449 448 438
439 440 450
450 449 439
360 441 451
451 370 360
441 442 452
452 451 441
442 443 453
453 452 442
443 444 454
454 453 443
444 445 455
455 454 444
445 446 456
456 455 445
446 447 457
457 456 446
447 448 458
458 457 447
448 449 459
459 458 448
449 450 460
460 459 449
370 451 461
461 380 370
451 452 462
462 461 451
452 453 463
463 462 452
453 454 464
464 463 453
454 455 465
465 464 454
455 456 466
466 465 455
456 457 467
467 466 456
457 458 468
468 467 457
458 459 469
469 468 458
459 460 470
470 469 459
380 461 471
471 390 380
461 462 472
472 471 461
462 463 473
473 472 462
463 464 474
474 473 463
464 465 475
475 474 464
465 466 476
476 475 465
466 467 477
477 476 466
467 468 478
478 477 467
468 469 479
479 478 468
469 470 480
480 479 469
390 471 481
481 400 390
471 472 482
482 481 471
472 473 483
483 482 472
473 474 484
484 483 473
474 475 485
485 484 474
475 476 486
486 485 475
476 477 487
487 486 476
477 478 488
488 487 477
478 479 489
489 488 478
479 480 490
490 489 479
400 481 491
491 410 400
481 482 492
492 491 481
482 483 493
493 492 482
483 484 494
494 493 483
484 485 495
495 494 484
485 486 496
496 495 485
486 487 497
497 496 486
487 488 498
498 497 487
488 489 499
499 498 488
489 490 500
500 499 489
410 491 501
501 420 410
491 492 502
502 501 491
492 493 503
503 502 492
493 494 504
504 503 493
494 495 505
505 504 494
495 496 506
506 505 495
496 497 507
507 506 496
497 498 508
508 507 497
498 499 509
509 508 498
499 500 510
510 509 499
420 501 511
511 430 420
501 502 512
512 511 501
502 503 513
513 512 502
503 504 514
514 513 503
504 505 515
515 514 504
505 506 516
516 515 505
506 507 517
517 516 506
507 508 518
518 517 507
508 509 519
519 518 508
509 510 520
520 519 509
430 511 240
240 241 430
511 512 239
239 240 511
512 513 238
238 239 512
513 514 237
237 238 513
514 515 236
236 237 514
515 516 235
235 236 515
516 517 234
234 235 516
517 518 233
233 234 517
518 519 231
231 233 518
519 520 232
232 231 519
110 99 521
521 440 110
99 88 522
522 521 99
88 77 523
523 522 88
77 66 524
524 523 77
66 55 525
525 524 66
55 44 526
526 525 55
44 33 527
527 526 44
33 22 528
528 527 33
22 1 529
529 528 22
1 0 243
243 529 1
440 521 530
530 450 440
521 522 531
531 530 521
522 523 532
532 531 522
523 524 533
533 532 523
524 525 534
534 533 524
525 526 535
535 534 525
526 527 536
536 535 526
527 528 537
537 536 527
528 529 538
538 537 528
529 243 254
254 538 529
450 530 539
539 460 450
530 531 540
540 539 530
531 532 541
541 540 531
532 533 542
542 541 532
533 534 543
543 542 533
534 535 544
544 543 534
535 536 545
545 544 535
536 537 546
546 545 536
537 538 547
547 546 537
538 254 265
265 547 538
460 539 548
548 470 460
539 540 549
549 548 539
540 541 550
550 549 540
541 542 551
551 550 541
542 543 552
552 551 542
543 544 553
553 552 543
544 545 554
554 553 544
545 546 555
555 554 545
546 547 556
556 555 546
547 265 276
276 556 547
470 548 557
557 480 470
548 549 558
558 557 548
549 550 559
559 558 549
550 551 560
560 559 550
551 552 561
561 560 551
552 553 562
562 561 552
553 554 563
563 562 553
554 555 564
564 563 554
555 556 565
565 564 555
556 276 287
287 565 556
480 557 566
566 490 480
557 558 567
567 566 557
558 559 568
568 567 558
559 560 569
569 568 559
560 561 570
570 569 560
561 562 571
571 570 561
562 563 572
572 571 562
563 564 573
573 572 563
564 565 574
574 573 564
565 287 298
298 574 565
490 566 575
575 500 490
566 567 576
576 575 566
567 568 577
577 576 567
568 569 578
578 577 568
569 570 579
579 578 569
570 571 580
580 579 570
571 572 581
581 580 571
572 573 582
582 581 572
573 574 583
583 582 573
574 298 309
309 583 574
500 575 584
584 510 500
575 576 585
585 584 575
576 577 586
586 585 576
577 578 587
587 586 577
578 579 588
588 587 578
579 580 589
589 588 579
580 581 590
590 589 580
581 582 591
591 590 581
582 583 592
592 591 582
583 309 320
320 592 583
510 584 593
593 520 510
584 585 594
594 593 584
585 586 595
595 594 585
586 587 596
596 595 586
587 588 597
597 596 587
588 589 598
598 597 588
589 590 599
599 598 589
590 591 600
600 599 590
591 592 601
601 600 591
592 320 331
331 601 592
520 593 221
221 232 520
593 594 210
210 221 593
594 595 199
199 210 594
595 596 188
188 199 595
596 597 177
177 188 596
597 598 166
166 177 597
598 599 155
155 166 598
599 600 144
144 155 599
600 601 124
124 144 600
601 331 121
121 124 601
