282
-0.000038 0.000039 120.000008
5.706292 -1.854051 120.000008
5.999962 0.000039 120.000008
4.854053 -3.526671 120.000008
3.526672 -4.854051 120.000008
1.854053 -5.706291 120.000008
-0.000038 -5.999961 120.000008
-1.854158 -5.706291 120.000008
-3.526748 -4.854051 120.000008
-4.854158 -3.526671 120.000008
-5.706367 -1.854051 120.000008
-6.000038 0.000039 120.000008
-5.706367 1.854129 120.000008
-4.854158 3.526749 120.000008
-3.526748 4.854130 120.000008
-1.854158 5.706369 120.000008
-0.000038 6.000040 120.000008
1.854053 5.706369 120.000008
3.526672 4.854130 120.000008
4.854053 3.526749 120.000008
5.706292 1.854129 120.000008
11.412622 -3.708171 120.000008
11.999963 0.000039 120.000008
9.708172 -7.053381 120.000008
7.053382 -9.708171 120.000008
3.708172 -11.412651 120.000008
-0.000038 -11.999962 120.000015
-3.708248 -11.412651 120.000008
-7.053458 -9.708171 120.000008
-9.708248 -7.053381 120.000008
-11.412728 -3.708171 120.000008
-12.000038 0.000039 120.000008
-11.412728 3.708250 120.000008
-9.708248 7.053460 120.000008
-7.053458 9.708250 120.000008
-3.708248 11.412729 120.000008
-0.000038 12.000039 119.999992
3.708172 11.412729 120.000008
7.053382 9.708250 120.000008
9.708172 7.053460 120.000008
11.412622 3.708250 120.000008
17.118982 -5.562261 120.000015
17.999964 0.000039 120.000015
14.562263 -10.580091 120.000008
10.580093 -14.562262 120.000015
5.562263 -17.118982 120.000015
-0.000038 -17.999962 120.000015
-5.562338 -17.118982 120.000015
-10.580169 -14.562262 120.000015
-14.562339 -10.580091 120.000008
-17.119059 -5.562261 119.999992
-18.000038 0.000039 119.999992
-17.119059 5.562339 119.999992
-14.562339 10.580170 120.000008
-10.580169 14.562340 119.999992
-5.562338 17.119061 119.999992
-0.000038 18.000040 119.999992
5.562263 17.119061 119.999992
10.580093 14.562340 119.999992
14.562263 10.580170 120.000008
17.118982 5.562339 120.000015
22.825315 -7.416381 120.000015
23.999964 0.000039 120.000015
19.416353 -14.106802 120.000023
14.106803 -19.416382 120.000015
7.416353 -22.825310 120.000015
-0.000038 -23.999962 120.000015
-7.416458 -22.825310 120.000015
-14.106908 -19.416382 120.000015
-19.416456 -14.106802 120.000008
-22.825418 -7.416381 119.999992
-24.000038 0.000039 119.999992
-22.825388 7.416460 119.999992
-19.416456 14.106879 119.999985
-14.106878 19.416462 119.999992
-7.416458 22.825390 119.999992
-0.000038 24.000040 119.999992
7.416382 22.825390 119.999992
14.106803 19.416462 119.999992
19.416384 14.106879 120.000008
22.825315 7.416430 120.000015
28.531645 -9.270472 120.000015
29.999964 0.000039 120.000015
24.270475 -17.633512 120.000023
17.633512 -24.270472 120.000023
9.270473 -28.531672 120.000015
-0.000038 -29.999962 120.000015
-9.270548 -28.531672 120.000015
-17.633617 -24.270472 120.000008
-24.270548 -17.633512 120.000008
-28.531748 -9.270472 119.999992
-30.000038 0.000039 119.999992
-28.531748 9.270550 119.999992
-24.270548 17.633589 119.999985
-17.633589 24.270552 119.999985
-9.270548 28.531719 119.999992
-0.000038 30.000040 119.999992
9.270473 28.531719 119.999992
17.633512 24.270552 120.000008
24.270475 17.633589 120.000008
28.531645 9.270550 120.000015
28.531651 -9.270478 96.000015
29.999971 0.000031 96.000015
24.270483 -17.633520 96.000023
17.633520 -24.270479 96.000023
9.270480 -28.531681 96.000015
-0.000030 -29.999969 96.000015
-9.270540 -28.531681 96.000015
-17.633610 -24.270479 96.000000
-24.270542 -17.633520 96.000000
-28.531740 -9.270478 95.999992
-30.000031 0.000031 95.999992
-28.531740 9.270542 95.999992
-24.270542 17.633583 95.999985
-17.633581 24.270542 95.999985
-9.270540 28.531713 95.999992
-0.000030 30.000032 95.999992
9.270480 28.531713 95.999992
17.633520 24.270542 96.000000
24.270483 17.633583 96.000000
28.531651 9.270542 96.000015
28.531658 -9.270487 72.000015
29.999979 0.000023 72.000015
24.270489 -17.633528 72.000015
17.633528 -24.270487 72.000015
9.270488 -28.531687 72.000015
-0.000023 -29.999979 72.000015
-9.270533 -28.531687 72.000008
-17.633604 -24.270487 72.000008
-24.270535 -17.633528 72.000000
-28.531733 -9.270487 72.000000
-30.000025 0.000023 71.999992
-28.531733 9.270534 71.999992
-24.270535 17.633575 71.999992
-17.633574 24.270535 71.999992
-9.270533 28.531704 71.999992
-0.000023 30.000025 71.999992
9.270488 28.531704 72.000000
17.633528 24.270535 72.000000
24.270489 17.633575 72.000008
28.531658 9.270534 72.000008
28.531664 -9.270494 48.000015
29.999985 0.000016 48.000011
24.270496 -17.633535 48.000015
17.633535 -24.270496 48.000015
9.270495 -28.531694 48.000015
-0.000015 -29.999985 48.000011
-9.270525 -28.531694 48.000008
-17.633595 -24.270496 48.000008
-24.270529 -17.633535 47.999996
-28.531727 -9.270494 47.999996
-30.000017 0.000016 47.999992
-28.531727 9.270526 47.999989
-24.270529 17.633566 47.999989
-17.633566 24.270525 47.999989
-9.270525 28.531696 47.999989
-0.000015 30.000017 47.999992
9.270495 28.531696 47.999996
17.633535 24.270525 47.999996
24.270496 17.633566 48.000008
28.531664 9.270526 48.000008
28.531673 -9.270503 24.000015
29.999994 0.000008 24.000010
24.270506 -17.633543 24.000013
17.633543 -24.270502 24.000015
9.270503 -28.531704 24.000013
-0.000008 -29.999994 24.000013
-9.270517 -28.531704 24.000008
-17.633589 -24.270502 24.000006
-24.270519 -17.633543 23.999998
-28.531717 -9.270503 23.999996
-30.000008 0.000008 23.999992
-28.531717 9.270518 23.999987
-24.270519 17.633558 23.999989
-17.633558 24.270519 23.999987
-9.270517 28.531691 23.999989
-0.000008 30.000008 23.999992
9.270503 28.531691 23.999994
17.633543 24.270519 23.999996
24.270506 17.633558 24.000004
28.531673 9.270518 24.000006
28.531681 -9.270510 0.000013
30.000002 0.000000 0.000009
24.270512 -17.633551 0.000014
17.633551 -24.270512 0.000013
9.270510 -28.531710 0.000013
-0.000000 -30.000002 0.000010
-9.270510 -28.531710 0.000007
-17.633581 -24.270512 0.000002
-24.270512 -17.633551 -0.000002
-28.531710 -9.270510 -0.000005
-30.000002 0.000000 -0.000009
-28.531710 9.270510 -0.000013
-24.270512 17.633551 -0.000014
-17.633551 24.270512 -0.000013
-9.270510 28.531681 -0.000013
0.000000 30.000002 -0.000010
9.270510 28.531681 -0.000007
17.633551 24.270512 -0.000002
24.270512 17.633551 0.000002
28.531681 9.270510 0.000005
22.825352 -7.416420 0.000010
24.000000 0.000000 0.000008
19.416389 -14.106841 0.000011
14.106841 -19.416420 0.000011
7.416390 -22.825352 0.000010
-0.000000 -24.000000 0.000007
-7.416420 -22.825352 0.000005
-14.106871 -19.416420 0.000002
-19.416420 -14.106841 -0.000001
-22.825382 -7.416420 -0.000005
-24.000000 0.000000 -0.000008
-22.825352 7.416420 -0.000010
-19.416420 14.106841 -0.000011
-14.106841 19.416420 -0.000011
-7.416420 22.825352 -0.000010
0.000000 24.000000 -0.000007
7.416420 22.825352 -0.000005
14.106841 19.416420 -0.000002
19.416420 14.106841 0.000001
22.825352 7.416390 0.000005
17.119020 -5.562300 0.000008
18.000000 0.000000 0.000006
14.562301 -10.580131 0.000008
10.580131 -14.562301 0.000008
5.562300 -17.119020 0.000008
-0.000000 -18.000000 0.000006
-5.562300 -17.119020 0.000004
-10.580131 -14.562301 0.000002
-14.562301 -10.580131 -0.000001
-17.119020 -5.562300 -0.000003
-18.000000 0.000000 -0.000006
-17.119020 5.562300 -0.000008
-14.562301 10.580131 -0.000008
-10.580131 14.562301 -0.000008
-5.562300 17.119020 -0.000008
0.000000 18.000000 -0.000006
5.562300 17.119020 -0.000004
10.580131 14.562301 -0.000002
14.562301 10.580131 0.000001
17.119020 5.562300 0.000003
11.412660 -3.708210 0.000005
12.000000 0.000000 0.000004
9.708210 -7.053421 0.000005
7.053421 -9.708210 0.000006
3.708210 -11.412691 0.000005
-0.000000 -12.000000 0.000004
-3.708210 -11.412691 0.000002
-7.053421 -9.708210 0.000002
-9.708210 -7.053421 -0.000001
-11.412691 -3.708210 -0.000002
-12.000000 0.000000 -0.000004
-11.412691 3.708210 -0.000005
-9.708210 7.053421 -0.000005
-7.053421 9.708210 -0.000006
-3.708210 11.412691 -0.000005
0.000000 12.000000 -0.000004
3.708210 11.412691 -0.000002
7.053421 9.708210 -0.000002
9.708210 7.053421 0.000001
11.412660 3.708210 0.000002
5.706330 -1.854090 0.000002
6.000000 0.000000 0.000002
4.854090 -3.526710 0.000003
3.526710 -4.854090 0.000004
1.854090 -5.706330 0.000003
-0.000000 -6.000000 0.000002
-1.854120 -5.706330 0.000002
-3.526710 -4.854090 0.000001
-4.854120 -3.526710 -0.000000
-5.706330 -1.854090 -0.000002
-6.000000 0.000000 -0.000002
-5.706330 1.854090 -0.000002
-4.854120 3.526710 -0.000003
-3.526710 4.854090 -0.000004
-1.854120 5.706330 -0.000003
0.000000 6.000000 -0.000002
1.854090 5.706330 -0.000002
3.526710 4.854090 -0.000001
4.854090 3.526710 0.000000
5.706330 1.854090 0.000002
0.000000 0.000000 0.000000
560
0 1 2
0 3 1
0 4 3
0 5 4
0 6 5
0 7 6
0 8 7
0 9 8
0 10 9
0 11 10
0 12 11
0 13 12
0 14 13
0 15 14
0 16 15
0 17 16
0 18 17
0 19 18
0 20 19
0 2 20
2 21 22
2 1 21
1 23 21
1 3 23
3 24 23
3 4 24
4 25 24
4 5 25
5 26 25
5 6 26
6 27 26
6 7 27
7 28 27
7 8 28
8 29 28
8 9 29
9 30 29
9 10 30
10 31 30
10 11 31
11 32 31
11 12 32
12 33 32
12 13 33
13 34 33
13 14 34
14 35 34
14 15 35
15 36 35
15 16 36
16 37 36
16 17 37
17 38 37
17 18 38
18 39 38
18 19 39
19 40 39
19 20 40
20 22 40
20 2 22
22 41 42
22 21 41
21 43 41
21 23 43
23 44 43
23 24 44
24 45 44
24 25 45
25 46 45
25 26 46
26 47 46
26 27 47
27 48 47
27 28 48
28 49 48
28 29 49
29 50 49
29 30 50
30 51 50
30 31 51
31 52 51
31 32 52
32 53 52
32 33 53
33 54 53
33 34 54
34 55 54
34 35 55
35 56 55
35 36 56
36 57 56
36 37 57
37 58 57
37 38 58
38 59 58
38 39 59
39 60 59
39 40 60
40 42 60
40 22 42
42 61 62
42 41 61
41 63 61
41 43 63
43 64 63
43 44 64
44 65 64
44 45 65
45 66 65
45 46 66
46 67 66
46 47 67
47 68 67
47 48 68
48 69 68
48 49 69
49 70 69
49 50 70
50 71 70
50 51 71
51 72 71
51 52 72
52 73 72
52 53 73
53 74 73
53 54 74
54 75 74
54 55 75
55 76 75
55 56 76
56 77 76
56 57 77
57 78 77
57 58 78
58 79 78
58 59 79
59 80 79
59 60 80
60 62 80
60 42 62
62 81 82
62 61 81
61 83 81
61 63 83
63 84 83
63 64 84
64 85 84
64 65 85
65 86 85
65 66 86
66 87 86
66 67 87
67 88 87
67 68 88
68 89 88
68 69 89
69 90 89
69 70 90
70 91 90
70 71 91
71 92 91
71 72 92
72 93 92
72 73 93
73 94 93
73 74 94
74 95 94
74 75 95
75 96 95
75 76 96
76 97 96
76 77 97
77 98 97
77 78 98
78 99 98
78 79 99
79 100 99
79 80 100
80 82 100
80 62 82
82 101 102
82 81 101
81 103 101
81 83 103
83 104 103
83 84 104
84 105 104
84 85 105
85 106 105
85 86 106
86 107 106
86 87 107
87 108 107
87 88 108
88 109 108
88 89 109
89 110 109
89 90 110
90 111 110
90 91 111
91 112 111
91 92 112
92 113 112
92 93 113
93 114 113
93 94 114
94 115 114
94 95 115
95 116 115
95 96 116
96 117 116
96 97 117
97 118 117
97 98 118
98 119 118
98 99 119
99 120 119
99 100 120
100 102 120
100 82 102
102 121 122
102 101 121
101 123 121
101 103 123
103 124 123
103 104 124
104 125 124
104 105 125
105 126 125
105 106 126
106 127 126
106 107 127
107 128 127
107 108 128
108 129 128
108 109 129
109 130 129
109 110 130
110 131 130
110 111 131
111 132 131
111 112 132
112 133 132
112 113 133
113 134 133
113 114 134
114 135 134
114 115 135
115 136 135
115 116 136
116 137 136
116 117 137
117 138 137
117 118 138
118 139 138
118 119 139
119 140 139
119 120 140
120 122 140
120 102 122
122 141 142
122 121 141
121 143 141
121 123 143
123 144 143
123 124 144
124 145 144
124 125 145
125 146 145
125 126 146
126 147 146
126 127 147
127 148 147
127 128 148
128 149 148
128 129 149
129 150 149
129 130 150
130 151 150
130 131 151
131 152 151
131 132 152
132 153 152
132 133 153
133 154 153
133 134 154
134 155 154
134 135 155
135 156 155
135 136 156
136 157 156
136 137 157
137 158 157
137 138 158
138 159 158
138 139 159
139 160 159
139 140 160
140 142 160
140 122 142
142 161 162
142 141 161
141 163 161
141 143 163
143 164 163
143 144 164
144 165 164
144 145 165
145 166 165
145 146 166
146 167 166
146 147 167
147 168 167
147 148 168
148 169 168
148 149 169
149 170 169
149 150 170
150 171 170
150 151 171
151 172 171
151 152 172
152 173 172
152 153 173
153 174 173
153 154 174
154 175 174
154 155 175
155 176 175
155 156 176
156 177 176
156 157 177
157 178 177
157 158 178
158 179 178
158 159 179
159 180 179
159 160 180
160 162 180
160 142 162
162 181 182
162 161 181
161 183 181
161 163 183
163 184 183
163 164 184
164 185 184
164 165 185
165 186 185
165 166 186
166 187 186
166 167 187
167 188 187
167 168 188
168 189 188
168 169 189
169 190 189
169 170 190
170 191 190
170 171 191
171 192 191
171 172 192
172 193 192
172 173 193
173 194 193
173 174 194
174 195 194
174 175 195
175 196 195
175 176 196
176 197 196
176 177 197
177 198 197
177 178 198
178 199 198
178 179 199
179 200 199
179 180 200
180 182 200
180 162 182
182 201 202
182 181 201
181 203 201
181 183 203
183 204 203
183 184 204
184 205 204
184 185 205
185 206 205
185 186 206
186 207 206
186 187 207
187 208 207
187 188 208
188 209 208
188 189 209
189 210 209
189 190 210
190 211 210
190 191 211
191 212 211
191 192 212
192 213 212
192 193 213
193 214 213
193 194 214
194 215 214
194 195 215
195 216 215
195 196 216
196 217 216
196 197 217
197 218 217
197 198 218
198 219 218
198 199 219
199 220 219
199 200 220
200 202 220
200 182 202
202 221 222
202 201 221
201 223 221
201 203 223
203 224 223
203 204 224
204 225 224
204 205 225
205 226 225
205 206 226
206 227 226
206 207 227
207 228 227
207 208 228
208 229 228
208 209 229
209 230 229
209 210 230
210 231 230
210 211 231
211 232 231
211 212 232
212 233 232
212 213 233
213 234 233
213 214 234
214 235 234
214 215 235
215 236 235
215 216 236
216 237 236
216 217 237
217 238 237
217 218 238
218 239 238
218 219 239
219 240 239
219 220 240
220 222 240
220 202 222
222 241 242
222 221 241
221 243 241
221 223 243
223 244 243
223 224 244
224 245 244
224 225 245
225 246 245
225 226 246
226 247 246
226 227 247
227 248 247
227 228 248
228 249 248
228 229 249
229 250 249
229 230 250
230 251 250
230 231 251
231 252 251
231 232 252
232 253 252
232 233 253
233 254 253
233 234 254
234 255 254
234 235 255
235 256 255
235 236 256
236 257 256
236 237 257
237 258 257
237 238 258
238 259 258
238 239 259
239 260 259
239 240 260
240 242 260
240 222 242
242 261 262
242 241 261
241 263 261
241 243 263
243 264 263
243 244 264
244 265 264
244 245 265
245 266 265
245 246 266
246 267 266
246 247 267
247 268 267
247 248 268
248 269 268
248 249 269
249 270 269
249 250 270
250 271 270
250 251 271
251 272 271
251 252 272
252 273 272
252 253 273
253 274 273
253 254 274
254 275 274
254 255 275
255 276 275
255 256 276
256 277 276
256 257 277
257 278 277
257 258 278
258 279 278
258 259 279
259 280 279
259 260 280
260 262 280
260 242 262
281 262 261
281 261 263
281 263 264
281 264 265
281 265 266
281 266 267
281 267 268
281 268 269
281 269 270
281 270 271
281 271 272
281 272 273
281 273 274
281 274 275
281 275 276
281 276 277
281 277 278
281 278 279
281 279 280
281 280 262
